42  
310  
1008  
1077  
570  
1205  
1477  
179  
429  
307  
794  
58  
935  
43  
249  
1100  
283  
472  
866  
351  
354  
379  
147  
1351  
1355  
700  
250  
1153  
1210  
1039  
548  
412  
784  
300  
792  
677  
271  
1186  
1301  
303  
1318  
1104  
915  
1086  
218  
711  
140  
1051  
247  
644  
1195  
498  
1479  
1187  
418  
1225  
887  
738  
550  
1379  
1392  
645  
532  
1423  
1031  
888  
1027  
608  
882  
338  
1474  
709  
1371  
1047  
490  
1139  
1068  
519  
219  
1400  
817  
77  
1272  
567  
1132  
754  
395  
1256  
945  
543  
288  
1250  
1129  
512  
1268  
788  
818  
401  
1420  
92  
573  
698  
377  
1394  
542  
520  
405  
506  
464  
96  
950  
444  
10  
516  
196  
1023  
947  
1376  
699  
1133  
768  
926  
1207  
875  
1331  
1043  
1439  
1052  
1440  
622  
156  
1041  
1065  
697  
64  
1464  
358  
1278  
936  
769  
907  
216  
821  
1114  
990  
812  
1247  
914  
804  
702  
1024  
61  
86  
1490  
150  
739  
943  
538  
101  
775  
284  
501  
1009  
1243  
497  
924  
1492  
1269  
260  
1484  
169  
233  
125  
714  
1265  
267  
192  
703  
535  
69  
312  
1061  
717  
425  
1152  
113  
916  
76  
724  
1360  
151  
1  
28  
613  
1046  
420  
1487  
1434  
168  
1405
1438  
1122
521  
717  
920  
798  
3
33  
166  
568  
175  
379  
804  
488  
778  
454  
128  
1030  
452  
341  
947  
1229  
656  
25  
815  
1346  
1331  
887  
1263  
81  
331  
1084  
949  
290  
213  
68  
641  
297  
381  
941  
655  
1098  
1352  
110  
647  
571  
675  
935  
402  
495  
1245  
329  
997  
464  
1047  
10  
504  
32  
87  
361  
89  
1150  
1028  
98  
1186  
738  
292  
202  
599  
1470  
151  
816  
207  
581  
1069  
61  
637  
1305  
309  
1476  
55  
744  
28  
473  
258  
1177  
1407  
695  
1213  
85  
1049  
814  
643  
703  
91  
383  
678  
1324  
1220  
156  
1296  
109  
47  
734  
893  
186  
193  
728  
901  
722  
961  
898  
84  
1257  
1383  
726  
1340  
56  
1155  
1490  
208  
1420  
613  
1369  
583  
790  
1121  
518  
1463  
421  
787  
1395  
768  
966  
347  
1068  
1250  
989  
426  
1411  
721  
877  
441  
1388  
1145  
204  
482  
304  
29  
900  
485  
1168  
363  
506  
1189  
105  
30  
987  
374  
307  
932  
417  
611  
845  
588  
954  
471  
1081  
434  
1042  
1372  
1497  
360  
122  
83  
1413  
1284  
1258  
3  
906  
983  
254  
1215  
474  
78  
1033  
577  
179  
711  
1010  
1276  
1377  
1274  
217  
300  
1421  
241  
188  
992  
450  
925
490
419
120
246
160
362
284
247
366
125
253
400
252
81
375
217
224
382
389
373
687  
75  
810 
288 
893  
688  
6  
177 
77  
205  
992
307
66  
827 
39 
552 
196 
427  
557 
924
109  
871 
820
367
216
890
945
503
410
207
488
828
140
506
305
414
481
824
851
606
50
385  
1199  
121  
373  
104  
991  
128  
1470  
788  
1363  
1386  
254  
884  
1215  
286  
1287  
103  
455  
1182  
320  
657  
1125  
133  
932  
1286  
1433  
240  
250  
1119  
718  
1403  
993  
1480  
1090  
841  
124  
1073
639
